image_url,description,source,pin_id,link
https://i.pinimg.com/60x60/6e/7b/40/6e7b4028b57e7c2c935825deef41cd47.jpg,tshirt fashion inspiration,Pinterest,pin_0,https://www.pinterest.com/search/pins/?q=tshirt&rs=typed&term_meta[]=tshirt%7Ctyped
https://i.pinimg.com/60x60/2c/d3/79/2cd379feb69d1a20749351c042a365fb.jpg,tshirt fashion inspiration,Pinterest,pin_1,https://www.pinterest.com/search/pins/?q=tshirt&rs=typed&term_meta[]=tshirt%7Ctyped
https://i.pinimg.com/60x60/b3/93/bc/b393bcee106786cd97c6a9019f2e011e.jpg,tshirt fashion inspiration,Pinterest,pin_2,https://www.pinterest.com/search/pins/?q=tshirt&rs=typed&term_meta[]=tshirt%7Ctyped
https://i.pinimg.com/60x60/55/a7/b3/55a7b3c80032354bb70888cbcbe79ea6.jpg,tshirt fashion inspiration,Pinterest,pin_3,https://www.pinterest.com/search/pins/?q=tshirt&rs=typed&term_meta[]=tshirt%7Ctyped
https://i.pinimg.com/60x60/41/f7/36/41f7369eeda26d9302730076cf9118fc.jpg,tshirt fashion inspiration,Pinterest,pin_4,https://www.pinterest.com/search/pins/?q=tshirt&rs=typed&term_meta[]=tshirt%7Ctyped
https://i.pinimg.com/60x60/1c/0c/99/1c0c99e406cec4652bdc16851004ba5b.jpg,tshirt fashion inspiration,Pinterest,pin_5,https://www.pinterest.com/search/pins/?q=tshirt&rs=typed&term_meta[]=tshirt%7Ctyped
https://i.pinimg.com/60x60/d6/c7/04/d6c70442a4319a7a8330ca4902fb3f9a.jpg,tshirt fashion inspiration,Pinterest,pin_6,https://www.pinterest.com/search/pins/?q=tshirt&rs=typed&term_meta[]=tshirt%7Ctyped
https://i.pinimg.com/60x60/8c/fd/bc/8cfdbc7d74cc5f7be78b651c8260e8f3.jpg,tshirt fashion inspiration,Pinterest,pin_7,https://www.pinterest.com/search/pins/?q=tshirt&rs=typed&term_meta[]=tshirt%7Ctyped
https://i.pinimg.com/60x60/94/6f/d3/946fd3332548694fcaa46fc7324c903a.jpg,tshirt fashion inspiration,Pinterest,pin_8,https://www.pinterest.com/search/pins/?q=tshirt&rs=typed&term_meta[]=tshirt%7Ctyped
https://i.pinimg.com/60x60/a0/19/f1/a019f1679aeedeb744c30deca233f42a.jpg,tshirt fashion inspiration,Pinterest,pin_9,https://www.pinterest.com/search/pins/?q=tshirt&rs=typed&term_meta[]=tshirt%7Ctyped
https://i.pinimg.com/60x60/c8/c6/fd/c8c6fd6aced7bdbd20665586f0d508df.jpg,tshirt fashion inspiration,Pinterest,pin_10,https://www.pinterest.com/search/pins/?q=tshirt&rs=typed&term_meta[]=tshirt%7Ctyped
https://i.pinimg.com/60x60/b7/7f/a6/b77fa60c386d0c61971bf000bd667617.jpg,tshirt fashion inspiration,Pinterest,pin_11,https://www.pinterest.com/search/pins/?q=tshirt&rs=typed&term_meta[]=tshirt%7Ctyped
